Memoria Compartida

500x400

0.001054;
0.001052;
0.001047;
0.001082;
0.001052;
0.001064;
0.001054;
0.001048;
0.001048;
0.001048;

1000x400

0.002096;
0.002037;
0.002032;
0.002064;
0.002045;
0.002036;
0.002037;
0.002025;
0.002070;
0.002020;

500x500

0.001297;
0.001298;
0.001301;
0.001294;
0.001299;
0.001291;
0.001301;
0.001291;
0.001296;
0.001295;

1000x500

0.002340;
0.002401;
0.002364;
0.002409;
0.002406;
0.002427;
0.002413;
0.002381;
0.002394;
0.002375;

500x600

0.001532;
0.001595;
0.001543;
0.001538;
0.001546;
0.001537;
0.001560;
0.001549;
0.001547;
0.001538;

1000x600

0.002785;
0.002750;
0.002819;
0.002785;
0.002789;
0.002795;
0.002784;
0.002830;
0.002797;
0.002797;

500x700

0.001766;
0.001766;
0.001769;
0.001737;
0.001767;
0.001766;
0.001735;
0.001777;
0.001764;
0.001773;

1000x700

0.003210;
0.003257;
0.003250;
0.003262;
0.003254;
0.003254;
0.003267;
0.003267;
0.003266;
0.003266;

500x800

0.002005;
0.002042;
0.002040;
0.002036;
0.002028;
0.002041;
0.001999;
0.002025;
0.002025;
0.002026;

1000x800

0.003688;
0.003638;
0.003675;
0.003687;
0.003668;
0.003680;
0.003685;
0.003702;
0.003717;
0.003670;
