500*400

0,001148;
0,001149;
0,001141;
0,001148;
0,001153;
0,001150;
0,001146;
0,001161;
0,001149;
0,001149

1000*400

0,002266;
0,002234;
0,002224;
0,002244;
0,002215;
0,002231;
0,002489;
0,002216;
0,002345;
0,002224

500*500

0,001422;
0,001463;
0,001422;
0,001425;
0,001423;
0,001425;
0,001415;
0,001423;
0,001417;
0,001420

1000*500

0,002640;
0,002637;
0,002643;
0,002620;
0,002634;
0,002765;
0,002637;
0,002625;
0,002645;
0,002620

500*600

0,001702;
0,001675;
0,001674;
0,001711;
0,001691;
0,001681;
0,001755;
0,001699;
0,001689;
0,001712

1000*600

0,003135;
0,003112;
0,003087;
0,003083;
0,003077;
0,003090;
0,003078;
0,003183;
0,003084;
0,003086

500*700

0,001930;
0,001945;
0,001941;
0,001937;
0,001972;
0,001985;
0,001951;
0,001956;
0,001968;
0,002107

1000*700

0,003711;
0,003628;
0,003601;
0,003892;
0,003604;
0,003575;
0,003642;
0,003591;
0,003578;
0,003724

500*800

0,002243;
0,002236;
0,002211;
0,002247;
0,002222;
0,002278;
0,002230;
0,002238;
0,002241;
0,002241

1000*800

0,004081;
0,004082;
0,004177;
0,004086;
0,004030;
0,004054;
0,004073;
0,004024;
0,004092;
0,004098
