img1
0.0795400000
0.0797290000
0.0803480000
0.0795420000
0.0798150000
0.0795840000
0.0796230000
0.0796750000
0.0796310000
0.0799210000
0.0796150000
0.0804680000
0.0795900000
0.0795620000
0.0795370000
0.0795510000
0.0795100000
0.0799740000
0.0800310000
0.0799020000

img2
0.0975130000
0.0974980000
0.0977820000
0.0978760000
0.0975660000
0.0975010000
0.0994540000
0.0976000000
0.0981740000
0.0991340000
0.0985470000
0.0976090000
0.0976720000
0.0976470000
0.0975120000
0.1007810000
0.1085970000
0.0975180000
0.0975020000
0.0975380000

img3
0.2497780000
0.2489280000
0.2485890000
0.2478560000
0.2476490000
0.2481880000
0.2508250000
0.2484120000
0.2483580000
0.2506850000
0.2515690000
0.2483670000
0.2508570000
0.2489450000
0.2482810000
0.2501560000
0.2481330000
0.2481500000
0.2482010000
0.2488750000

img4
0.9698620000
0.9692710000
0.9693330000
0.9683700000
0.9706100000
0.9703470000
0.9708590000
0.9701150000
0.9677360000
0.9762460000
0.9702960000
0.9703820000
0.9742400000
0.9763580000
0.9718730000
0.9738720000
0.9777670000
0.9775340000
1.0333480000
0.9766860000
