Memoria Compartida

500x400

0.001063;
0.001042;
0.001045;
0.001049;
0.001046;
0.001043;
0.001048;
0.001040;
0.001042;
0.001045;

1000x400

0.001907;
0.002001;
0.002048;
0.002029;
0.002031;
0.002034;
0.002031;
0.002037;
0.002021;
0.002045;

500x500

0.001293;
0.001342;
0.001295;
0.001289;
0.001315;
0.001312;
0.001291;
0.001278;
0.001291;
0.001306;

1000x500

0.002403;
0.002365;
0.002388;
0.002395;
0.002380;
0.002372;
0.002383;
0.002385;
0.002371;
0.002384;

500x600

0.001569;
0.001537;
0.001541;
0.001533;
0.001540;
0.001535;
0.001544;
0.001533;
0.001541;
0.001537;

1000x600

0.002749;
0.002778;
0.002789;
0.002790;
0.002786;
0.002784;
0.002785;
0.002788;
0.002750;
0.002782;

500x700

0.001778;
0.001753;
0.001759;
0.001758;
0.001762;
0.001795;
0.001759;
0.001763;
0.001751;
0.001756;

1000x700

0.003264;
0.003293;
0.003217;
0.003256;
0.003259;
0.003294;
0.003254;
0.003554;
0.003265;
0.003249;

500x800

0.002038;
0.002036;
0.002015;
0.002020;
0.002034;
0.002316;
0.002031;
0.002065;
0.002029;
0.002088;

1000x800

0.003637;
0.003669;
0.003625;
0.003668;
0.003657;
0.003665;
0.003659;
0.003683;
0.003651;
0.003666;
