Secuencial

500x400

0.013942
0.014630
0.014032
0.006735
0.006415
0.015095
0.006608
0.014043
0.008807
0.007052

1000x400

0.025314
0.022260
0.023794
0.012424
0.012788
0.012699
0.011686
0.011151
0.011240
0.011310

500x500

0.017268
0.008169
0.009425
0.011514
0.007834
0.008024
0.008477
0.007808
0.008325
0.007975

1000x500

0.024865
0.015953
0.012528
0.012459
0.012901
0.015353
0.012186
0.012168
0.012602
0.012403

500*600

0.014637
0.008594
0.008911
0.008842
0.009191
0.009607
0.008933
0.009009
0.008839
0.009158

1000*600

0.024743
0.026181
0.014913
0.021482
0.033744
0.015222
0.015041
0.015177
0.015910
0.015957

500*700

0.011770
0.021229
0.013809
0.009483
0.009553
0.009614
0.009469
0.010110
0.014927
0.018559

1000*700

0.018227
0.017868
0.017019
0.017228
0.017001
0.017898
0.017211
0.017306
0.016763
0.017598

500*800

0.013352
0.011265
0.011062
0.011575
0.011056
0.011776
0.011340
0.010991
0.011733
0.013141

1000*800

0.034518
0.039814
0.034956
0.019260
0.019938
0.019926
0.019697
0.018774
0.019594
0.019259
