img1
0,0678680000;
0,0683240000;
0,0680800000;
0,0683280000;
0,0685780000;
0,0680550000;
0,0681500000;
0,0695120000;
0,0676150000;
0,0676140000;
0,0677560000;
0,0679120000;
0,0675750000;
0,0677590000;
0,0677150000;
0,0678000000;
0,0675360000;
0,0677300000;
0,0675840000;
0,0826510000
img2
0,0833770000;
0,0838950000;
0,0837840000;
0,0837570000;
0,0833240000;
0,0834640000;
0,0840730000;
0,0837240000;
0,0837020000;
0,0834910000;
0,0835410000;
0,0835220000;
0,0834110000;
0,0834340000;
0,0834660000;
0,0835080000;
0,0835380000;
0,0832990000;
0,0839310000;
0,0832940000
img3
0,2106310000;
0,2109760000;
0,2106770000;
0,2109460000;
0,2106220000;
0,2107770000;
0,2118820000;
0,2108220000;
0,2105810000;
0,2109190000;
0,2109900000;
0,2130520000;
0,2107680000;
0,2108260000;
0,2110380000;
0,2111300000;
0,2107350000;
0,2112150000;
0,2108780000;
0,2113880000
img4
0,8235910000;
0,8316570000;
0,8204980000;
0,8226250000;
0,8291390000;
0,8209940000;
0,8240300000;
0,8208110000;
0,8266150000;
0,8213790000;
0,8202880000;
0,8244280000;
0,8238350000;
0,8237730000;
0,8258520000;
0,8233110000;
0,8231590000;
0,8231210000;
0,8240150000;
0,8227040000
img5
4,68990000;
4,7483810000;
4,7197460000;
4,7540970000;
4,7927200000;
4,5960910000;
4,8007410000;
4,8893540000;
4,7710280000;
4,4344960000;
4,4294560000;
4,4371910000;
4,4833830000;
4,5777580000;
4,4969340000;
4,5780510000;
4,5973440000;
4,6420370000;
4,4692090000;
4,5772180000
img6
3,7146780000;
3,5767420000;
3,4667330000;
3,4694020000;
3,8468110000;
3,5657700000;
3,6303090000;
3,2370430000;
3,2573040000;
3,2601470000;
3,2454730000;
3,2498890000;
3,2607140000;
3,2366770000;
3,3260600000;
3,3262400000;
3,9715460000;
3,3838390000;
3,2401020000;
3,3268430000
img7
14,1312950000;
14,6843660000;
14,9222560000;
14,4030840000;
14,7687420000;
14,6543110000;
14,6959540000;
14,6107520000;
14,2418370000;
14,4568690000;
14,0156840000;
14,5207290000;
14,9655990000;
14,7147330000;
14,3219530000;
14,7101880000;
14,8941800000;
14,2633420000;
14,2231380000;
14,3349440000
img8
21,7135030000;
21,1712500000;
21,6704720000;
21,0299840000;
21,9707920000;
21,5555080000;
21,6766420000;
21,4728110000;
21,0359730000;
21,5158670000;
21,0668880000;
21,7539320000;
21,7276690000;
21,5262130000;
21,3930200000;
21,4249210000;
21,5376810000;
21,6682040000;
21,8982110000;
21,7570990000
img9
33,5671370000;
33,6211120000;
33,6140740000;
33,0882120000;
33,5602330000;
33,5135530000;
33,5555810000;
33,5365100000;
33,5599960000;
33,5361960000;
33,5555910000;
33,6671940000;
33,2420630000;
33,5698050000;
33,2361860000;
33,4926690000;
33,5545340000;
33,8787580000;
33,5535680000;
33,2743110000
Global
img1
0,0028680000;
0,0028050000;
0,0028030000;
0,0028020000;
0,0028070000;
0,0028290000;
0,0028170000;
0,0028460000;
0,0027950000;
0,0028300000;
0,0028010000;
0,0027960000;
0,0028050000;
0,0027920000;
0,0028050000;
0,0028020000;
0,0028060000;
0,0028010000;
0,0028140000;
0,0028170000
img2
0,0033400000;
0,0033370000;
0,0034010000;
0,0033260000;
0,0033600000;
0,0033350000;
0,0033420000;
0,0033450000;
0,0033270000;
0,0033520000;
0,0033190000;
0,0033470000;
0,0033430000;
0,0033350000;
0,0033440000;
0,0033260000;
0,0033450000;
0,0033250000;
0,0033900000;
0,0033420000
img3
0,0081890000;
0,0081620000;
0,0081880000;
0,0081490000;
0,0081430000;
0,0082130000;
0,0081940000;
0,0081890000;
0,0081660000;
0,0081540000;
0,0081080000;
0,0081550000;
0,0081780000;
0,0081750000;
0,0081570000;
0,0081480000;
0,0081600000;
0,0081670000;
0,0081500000;
0,0081590000
img4
0,0275420000;
0,0274200000;
0,0274610000;
0,0275870000;
0,0276490000;
0,0275460000;
0,0273900000;
0,0275320000;
0,0274470000;
0,0275810000;
0,0275870000;
0,0276010000;
0,0275170000;
0,0275310000;
0,0275020000;
0,0273330000;
0,0276390000;
0,0276180000;
0,0276110000;
0,0276430000
img5
0,1389520000;
0,1387190000;
0,1385290000;
0,1382590000;
0,1388810000;
0,1383950000;
0,1386770000;
0,1382200000;
0,1393470000;
0,1382180000;
0,1382560000;
0,1383860000;
0,1382760000;
0,1385200000;
0,1384750000;
0,1389070000;
0,1387700000;
0,1386240000;
0,1392980000;
0,1378170000
img6
0,1001610000;
0,1010020000;
0,1014890000;
0,1007120000;
0,1010950000;
0,1007280000;
0,1005830000;
0,1004630000;
0,1007020000;
0,1011380000;
0,1008180000;
0,1009390000;
0,1006330000;
0,1004770000;
0,1007640000;
0,1006810000;
0,1009800000;
0,1005340000;
0,1006640000;
0,1004400000
img7
0,4495140000;
0,4474930000;
0,4497620000;
0,4461760000;
0,4483520000;
0,4460270000;
0,4483690000;
0,4480810000;
0,4480160000;
0,4466160000;
0,4477620000;
0,4447480000;
0,4463480000;
0,4474980000;
0,4481230000;
0,4470420000;
0,4466750000;
0,4453070000;
0,4477910000;
0,4473670000
img8
0,6770480000;
0,6779720000;
0,6742430000;
0,6726870000;
0,6745860000;
0,6722850000;
0,6769240000;
0,6785750000;
0,6758050000;
0,6719890000;
0,6734850000;
0,6727790000;
0,6741920000;
0,6727500000;
0,6708490000;
0,6731930000;
0,6766950000;
0,6725690000;
0,6762490000;
0,6727000000
img9
1,0665130000;
1,0727790000;
1,0557550000;
1,0512580000;
1,0488450000;
1,0577270000;
1,0519100000;
1,0421010000;
1,0447930000;
1,0571400000;
1,0523140000;
1,0466430000;
1,0473080000;
1,0436050000;
1,0462860000;
1,0509410000;
1,0505900000;
1,0541050000;
1,0567220000;
1,0479650000
Constante
img1
0,0023790000;
0,0023810000;
0,0023710000;
0,0023830000;
0,0023750000;
0,0023820000;
0,0023880000;
0,0023870000;
0,0023810000;
0,0023840000;
0,0023840000;
0,0023890000;
0,0023820000;
0,0023840000;
0,0023880000;
0,0023820000;
0,0023770000;
0,0023670000;
0,0023830000;
0,0023850000
img2
0,0028550000;
0,0028700000;
0,0028570000;
0,0028550000;
0,0028470000;
0,0028440000;
0,0028520000;
0,0028360000;
0,0028580000;
0,0028470000;
0,0028510000;
0,0028550000;
0,0028460000;
0,0028510000;
0,0028920000;
0,0028580000;
0,0028570000;
0,0028560000;
0,0028370000;
0,0028660000
img3
0,0068910000;
0,0068410000;
0,0068470000;
0,0068930000;
0,0068030000;
0,0068410000;
0,0068490000;
0,0068410000;
0,0068460000;
0,0068850000;
0,0068920000;
0,0068440000;
0,0068760000;
0,0068450000;
0,0068920000;
0,0068490000;
0,0068690000;
0,0068490000;
0,0068740000;
0,0068450000
img4
0,0225680000;
0,0225070000;
0,0225740000;
0,0226390000;
0,0226000000;
0,0228640000;
0,0226630000;
0,0224250000;
0,0229160000;
0,0226520000;
0,0225200000;
0,0226750000;
0,0224650000;
0,0226420000;
0,0227070000;
0,0226620000;
0,0228580000;
0,0225250000;
0,0227250000;
0,0226820000
img5
0,1184500000;
0,1177690000;
0,1176500000;
0,1160240000;
0,1158390000;
0,1170840000;
0,1168700000;
0,1163960000;
0,1167550000;
0,1161520000;
0,1163980000;
0,1156610000;
0,1164390000;
0,1163750000;
0,1171140000;
0,1174960000;
0,1156990000;
0,1160820000;
0,1169540000;
0,1156920000
img6
0,0841540000;
0,0847310000;
0,0845460000;
0,0840400000;
0,0842810000;
0,0848360000;
0,0841360000;
0,0842020000;
0,0844370000;
0,0841430000;
0,0844880000;
0,0848840000;
0,0840710000;
0,0849120000;
0,0847140000;
0,0845720000;
0,0848850000;
0,0846770000;
0,0845730000;
0,0842290000
img7
0,3775930000;
0,3772690000;
0,3776300000;
0,3769970000;
0,3771730000;
0,3767100000;
0,3774300000;
0,3761630000;
0,3756930000;
0,3766820000;
0,3764290000;
0,3760140000;
0,3771050000;
0,3773550000;
0,3771460000;
0,3780570000;
0,3746350000;
0,3786180000;
0,3777330000;
0,3777260000
img8
0,5663120000;
0,5656980000;
0,5691080000;
0,5675550000;
0,5645410000;
0,5696310000;
0,5630730000;
0,5667630000;
0,5638410000;
0,5682840000;
0,5655570000;
0,5686690000;
0,5678740000;
0,5662730000;
0,5650680000;
0,5647550000;
0,5619240000;
0,5630800000;
0,5684900000;
0,5691130000
img9
0,8865220000;
0,8817910000;
0,8860000000;
0,8852440000;
0,8812870000;
0,8885300000;
0,8848340000;
0,8826850000;
0,8874950000;
0,8827580000;
0,8864860000;
0,8841200000;
0,8833180000;
0,8821600000;
0,8807860000;
0,8820890000;
0,8815070000;
0,8858810000;
0,8854590000;
0,8829420000
